0 0
0.001 0.0151035
0.002 0.0294344
0.003 0.0186387
0.004 0.0222771
0.005 0.0258967
0.006 0.0441687
0.007 0.0522481
0.008 0.0405305
0.009 0.0446271
0.01 0.044257
0.011 0.0603395
0.012 0.0619544
0.013 0.0634585
0.014 0.0562316
0.015 0.0590206
0.016 0.062063
0.017 0.0706634
0.018 0.0740031
0.019 0.0804667
0.02 0.0827861
0.021 0.106614
0.022 0.117339
0.023 0.110908
0.024 0.107857
0.025 0.102321
0.026 0.099214
0.027 0.101493
0.028 0.103596
0.029 0.106787
0.03 0.111712
0.031 0.113813
0.032 0.116227
0.033 0.118471
0.034 0.119212
0.035 0.123168
0.036 0.130347
0.037 0.132548
0.038 0.138708
0.039 0.140005
0.04 0.14535
0.041 0.149093
0.042 0.152879
0.043 0.1527
0.044 0.15986
0.045 0.162689
0.046 0.162226
0.047 0.164391
0.048 0.166405
0.049 0.170228
0.05 0.171834
0.051 0.170134
0.052 0.181449
0.053 0.184626
0.054 0.191494
0.055 0.202822
0.056 0.207232
0.057 0.207848
0.058 0.211257
0.059 0.201056
0.06 0.201436
0.061 0.202584
0.062 0.205703
0.063 0.206743
0.064 0.209345
0.065 0.213797
0.066 0.214003
0.067 0.213916
0.068 0.21731
0.069 0.225094
0.07 0.235487
0.071 0.236269
0.072 0.234426
0.073 0.246207
0.074 0.238722
0.075 0.248638
0.076 0.237729
0.077 0.242453
0.078 0.247899
0.079 0.251056
0.08 0.258428
0.081 0.259155
0.082 0.263871
0.083 0.260583
0.084 0.268717
0.085 0.270668
0.086 0.266922
0.087 0.270286
0.088 0.274773
0.089 0.283022
0.09 0.284254
0.091 0.281097
0.092 0.286632
0.093 0.28437
0.094 0.313017
0.095 0.303659
0.096 0.296599
0.097 0.295999
0.098 0.29818
0.099 0.298378
0.1 0.299684
0.101 0.304238
0.102 0.30302
0.103 0.307805
0.104 0.310359
0.105 0.314897
0.106 0.31966
0.107 0.320846
0.108 0.327574
0.109 0.324925
0.11 0.328908
0.111 0.327539
0.112 0.325123
0.113 0.327482
0.114 0.334802
0.115 0.336612
0.116 0.338746
0.117 0.338837
0.118 0.340677
0.119 0.339495
0.12 0.352722
0.121 0.355155
0.122 0.342914
0.123 0.343687
0.124 0.34577
0.125 0.354189
0.126 0.373346
0.127 0.357957
0.128 0.358298
0.129 0.353198
0.13 0.354395
0.131 0.357946
0.132 0.363075
0.133 0.364002
0.134 0.366513
0.135 0.366014
0.136 0.367629
0.137 0.375521
0.138 0.376695
0.139 0.418966
0.14 0.383152
0.141 0.379979
0.142 0.387377
0.143 0.383722
0.144 0.381387
0.145 0.380684
0.146 0.395339
0.147 0.38903
0.148 0.391377
0.149 0.408114
0.15 0.393793
0.151 0.391895
0.152 0.397203
0.153 0.40257
0.154 0.405653
0.155 0.402626
0.156 0.412084
0.157 0.407716
0.158 0.409794
0.159 0.416346
0.16 0.421225
0.161 0.422136
0.162 0.428257
0.163 0.417926
0.164 0.4379
0.165 0.428987
0.166 0.431557
0.167 0.43503
0.168 0.441396
0.169 0.449241
0.17 0.447424
0.171 0.454914
0.172 0.452295
0.173 0.451542
0.174 0.447359
0.175 0.450437
0.176 0.452331
0.177 0.458286
0.178 0.453883
0.179 0.45195
0.18 0.453554
0.181 0.454236
0.182 0.454271
0.183 0.456492
0.184 0.459097
0.185 0.460436
0.186 0.463631
0.187 0.466524
0.188 0.469357
0.189 0.472035
0.19 0.46987
0.191 0.476027
0.192 0.479163
0.193 0.485168
0.194 0.484623
0.195 0.488914
0.196 0.491639
0.197 0.491518
0.198 0.493197
0.199 0.494314
0.2 0.505167
0.201 0.513971
0.202 0.515854
0.203 0.502315
0.204 0.502107
0.205 0.509915
0.206 0.509515
0.207 0.508192
0.208 0.503316
0.209 0.507409
0.21 0.508724
0.211 0.509544
0.212 0.517019
0.213 0.514941
0.214 0.520158
0.215 0.525006
0.216 0.528224
0.217 0.530138
0.218 0.533515
0.219 0.539654
0.22 0.542909
0.221 0.536662
0.222 0.540852
0.223 0.539073
0.224 0.537596
0.225 0.541957
0.226 0.542529
0.227 0.544893
0.228 0.543112
0.229 0.542827
0.23 0.551157
0.231 0.544256
0.232 0.543301
0.233 0.543329
0.234 0.547134
0.235 0.54942
0.236 0.550277
0.237 0.553177
0.238 0.554196
0.239 0.557559
0.24 0.563817
0.241 0.56606
0.242 0.570263
0.243 0.571146
0.244 0.575895
0.245 0.568856
0.246 0.575462
0.247 0.573142
0.248 0.575236
0.249 0.57688
0.25 0.576406
0.251 0.578186
0.252 0.591945
0.253 0.588774
0.254 0.578808
0.255 0.582043
0.256 0.58049
0.257 0.584954
0.258 0.604026
0.259 0.646713
0.26 0.605096
0.261 0.617309
0.262 0.594795
0.263 0.592369
0.264 0.60188
0.265 0.601833
0.266 0.606014
0.267 0.607706
0.268 0.61203
0.269 0.613506
0.27 0.617223
0.271 0.612509
0.272 0.611867
0.273 0.620195
0.274 0.625682
0.275 0.62902
0.276 0.623178
0.277 0.623363
0.278 0.623649
0.279 0.626145
0.28 0.621436
0.281 0.621191
0.282 0.616209
0.283 0.623829
0.284 0.624968
0.285 0.627577
0.286 0.624396
0.287 0.631473
0.288 0.62937
0.289 0.628352
0.29 0.646692
0.291 0.636263
0.292 0.633215
0.293 0.637352
0.294 0.635769
0.295 0.632991
0.296 0.634319
0.297 0.643874
0.298 0.642379
0.299 0.645982
0.3 0.640753
0.301 0.640931
0.302 0.642411
0.303 0.639859
0.304 0.642791
0.305 0.642743
0.306 0.646565
0.307 0.646672
0.308 0.650625
0.309 0.652896
0.31 0.659283
0.311 0.658138
0.312 0.666716
0.313 0.663789
0.314 0.664503
0.315 0.671434
0.316 0.674119
0.317 0.683887
0.318 0.68571
0.319 0.678385
0.32 0.682786
0.321 0.678774
0.322 0.684953
0.323 0.685806
0.324 0.687076
0.325 0.690039
0.326 0.691546
0.327 0.707659
0.328 0.701874
0.329 0.693578
0.33 0.700925
0.331 0.699587
0.332 0.699398
0.333 0.693685
0.334 0.69835
0.335 0.69939
0.336 0.706568
0.337 0.721663
0.338 0.725676
0.339 0.702923
0.34 0.70086
0.341 0.724423
0.342 0.703969
0.343 0.709123
0.344 0.709474
0.345 0.71127
0.346 0.711378
0.347 0.717295
0.348 0.716984
0.349 0.728428
0.35 0.719214
0.351 0.727907
0.352 0.720056
0.353 0.722009
0.354 0.724228
0.355 0.724078
0.356 0.720633
0.357 0.724191
0.358 0.727973
0.359 0.722444
0.36 0.734786
0.361 0.723736
0.362 0.724857
0.363 0.729483
0.364 0.734424
0.365 0.738314
0.366 0.737339
0.367 0.742725
0.368 0.763398
0.369 0.748608
0.37 0.748211
0.371 0.755286
0.372 0.74749
0.373 0.7493
0.374 0.751157
0.375 0.745911
0.376 0.746285
0.377 0.74899
0.378 0.74833
0.379 0.749445
0.38 0.759962
0.381 0.759397
0.382 0.763645
0.383 0.777051
0.384 0.777958
0.385 0.772309
0.386 0.759071
0.387 0.761769
0.388 0.760608
0.389 0.761075
0.39 0.765221
0.391 0.766087
0.392 0.764421
0.393 0.765011
0.394 0.770749
0.395 0.777984
0.396 0.783953
0.397 0.775597
0.398 0.778599
0.399 0.776063
0.4 0.774353
0.401 0.772974
0.402 0.776302
0.403 0.794747
0.404 0.790011
0.405 0.793627
0.406 0.79031
0.407 0.787835
0.408 0.786117
0.409 0.785024
0.41 0.782577
0.411 0.787314
0.412 0.78648
0.413 0.789666
0.414 0.79023
0.415 0.789093
0.416 0.792206
0.417 0.791456
0.418 0.793998
0.419 0.809119
0.42 0.818243
0.421 0.797704
0.422 0.802082
0.423 0.804383
0.424 0.807753
0.425 0.807717
0.426 0.806771
0.427 0.807743
0.428 0.807156
0.429 0.814586
0.43 0.814164
0.431 0.813417
0.432 0.812298
0.433 0.807721
0.434 0.80769
0.435 0.811994
0.436 0.81505
0.437 0.816435
0.438 0.819749
0.439 0.818424
0.44 0.819042
0.441 0.82026
0.442 0.819413
0.443 0.823802
0.444 0.823436
0.445 0.822924
0.446 0.825187
0.447 0.826692
0.448 0.8285
0.449 0.831549
0.45 0.839859
0.451 0.833507
0.452 0.832742
0.453 0.849457
0.454 0.839704
0.455 0.840227
0.456 0.843167
0.457 0.853772
0.458 0.84407
0.459 0.849173
0.46 0.851056
0.461 0.850612
0.462 0.847019
0.463 0.848035
0.464 0.848816
0.465 0.852619
0.466 0.851828
0.467 0.85762
0.468 0.855054
0.469 0.857524
0.47 0.856513
0.471 0.886104
0.472 0.865492
0.473 0.86791
0.474 0.876187
0.475 0.874359
0.476 0.866947
0.477 0.868528
0.478 0.878358
0.479 0.88336
0.48 0.896798
0.481 0.882429
0.482 0.888352
0.483 0.890909
0.484 0.881816
0.485 0.882461
0.486 0.876086
0.487 0.87931
0.488 0.884276
0.489 0.885403
0.49 0.885695
0.491 0.892508
0.492 0.892595
0.493 0.892788
0.494 0.890424
0.495 0.892839
0.496 0.893126
0.497 0.894163
0.498 0.893041
0.499 0.921772
0.5 0.893602
0.501 0.8919
0.502 0.905065
0.503 0.918204
0.504 0.899576
0.505 0.899476
0.506 0.903953
0.507 0.901519
0.508 0.900627
0.509 0.90403
0.51 0.906607
0.511 0.911364
0.512 0.919651
0.513 0.924185
0.514 0.930585
0.515 0.929617
0.516 0.923199
0.517 0.938624
0.518 0.930883
0.519 0.932385
0.52 0.925725
0.521 0.927491
0.522 0.955211
0.523 0.927157
0.524 0.934404
0.525 0.93412
0.526 0.936871
0.527 0.936658
0.528 0.94074
0.529 0.941755
0.53 0.948251
0.531 0.943688
0.532 0.934181
0.533 0.931472
0.534 0.938034
0.535 0.93254
0.536 0.9358
0.537 0.948385
0.538 0.939461
0.539 0.936113
0.54 0.936697
0.541 0.935386
0.542 0.936437
0.543 0.97601
0.544 0.944477
0.545 0.945866
0.546 0.948342
0.547 0.963091
0.548 0.952167
0.549 0.945251
0.55 0.947882
0.551 0.993429
0.552 0.949261
0.553 0.953186
0.554 0.963457
0.555 0.968615
0.556 0.960066
0.557 0.970015
0.558 0.975613
0.559 0.974525
0.56 0.96828
0.561 0.969048
0.562 0.96864
0.563 0.97779
0.564 0.972958
0.565 0.975682
0.566 0.974122
0.567 0.977547
0.568 0.979741
0.569 0.977823
0.57 0.981801
0.571 0.987817
0.572 0.992616
0.573 0.981534
0.574 0.978303
0.575 0.982111
0.576 0.984823
0.577 0.985169
0.578 0.998077
0.579 0.996865
0.58 0.98595
0.581 0.987942
0.582 0.98753
0.583 0.994232
0.584 0.990788
0.585 0.994313
0.586 1.00007
0.587 1.00291
0.588 1.00053
0.589 1.00138
0.59 1.00037
0.591 1.00404
0.592 1.0008
0.593 0.998947
0.594 0.997838
0.595 0.998156
0.596 1.00098
0.597 0.994987
0.598 0.994036
0.599 0.995595
0.6 0.996944
0.601 0.998775
0.602 0.999069
0.603 0.994098
0.604 0.996397
0.605 0.998052
0.606 0.999452
0.607 1.0037
0.608 1.00155
0.609 1.00966
0.61 1.0073
0.611 1.01192
0.612 1.01313
0.613 1.02078
0.614 1.0289
0.615 1.01707
0.616 1.01862
0.617 1.02026
0.618 1.02039
0.619 1.02384
0.62 1.01847
0.621 1.02188
0.622 1.02712
0.623 1.03048
0.624 1.03264
0.625 1.03799
0.626 1.03011
0.627 1.02746
0.628 1.025
0.629 1.02597
0.63 1.03727
0.631 1.02591
0.632 1.03065
0.633 1.02616
0.634 1.02824
0.635 1.02684
0.636 1.03401
0.637 1.03202
0.638 1.02922
0.639 1.03808
0.64 1.04253
0.641 1.02783
0.642 1.03837
0.643 1.03952
0.644 1.03865
0.645 1.033
0.646 1.03067
0.647 1.07925
0.648 1.03566
0.649 1.03293
0.65 1.03377
0.651 1.04719
0.652 1.04446
0.653 1.03508
0.654 1.03063
0.655 1.02989
0.656 1.03002
0.657 1.03727
0.658 1.0334
0.659 1.03468
0.66 1.03381
0.661 1.0422
0.662 1.04532
0.663 1.04885
0.664 1.05167
0.665 1.04633
0.666 1.05081
0.667 1.05034
0.668 1.04902
0.669 1.05075
0.67 1.05475
0.671 1.05669
0.672 1.06546
0.673 1.0705
0.674 1.05519
0.675 1.05734
0.676 1.05666
0.677 1.06402
0.678 1.0662
0.679 1.07524
0.68 1.06493
0.681 1.05883
0.682 1.06337
0.683 1.06407
0.684 1.06859
0.685 1.06537
0.686 1.06572
0.687 1.07214
0.688 1.06952
0.689 1.07233
0.69 1.07345
0.691 1.07431
0.692 1.07641
0.693 1.07335
0.694 1.07913
0.695 1.07873
0.696 1.07545
0.697 1.07015
0.698 1.0749
0.699 1.08827
0.7 1.0798
0.701 1.07512
0.702 1.07638
0.703 1.08358
0.704 1.08548
0.705 1.08723
0.706 1.08552
0.707 1.09446
0.708 1.09008
0.709 1.08905
0.71 1.09888
0.711 1.11349
0.712 1.09778
0.713 1.09663
0.714 1.09697
0.715 1.09729
0.716 1.09734
0.717 1.10194
0.718 1.08824
0.719 1.08935
0.72 1.08948
0.721 1.10155
0.722 1.1024
0.723 1.10192
0.724 1.09791
0.725 1.09976
0.726 1.10054
0.727 1.09886
0.728 1.10056
0.729 1.10279
0.73 1.10583
0.731 1.10469
0.732 1.11095
0.733 1.11247
0.734 1.11083
0.735 1.10851
0.736 1.11105
0.737 1.11832
0.738 1.10826
0.739 1.10584
0.74 1.11001
0.741 1.11137
0.742 1.11404
0.743 1.11141
0.744 1.12271
0.745 1.11664
0.746 1.1122
0.747 1.11262
0.748 1.11634
0.749 1.12351
0.75 1.13075
0.751 1.12924
0.752 1.12355
0.753 1.12667
0.754 1.13097
0.755 1.13915
0.756 1.1377
0.757 1.13577
0.758 1.13765
0.759 1.15527
0.76 1.16231
0.761 1.15163
0.762 1.14344
0.763 1.13914
0.764 1.15531
0.765 1.14825
0.766 1.15187
0.767 1.14536
0.768 1.1432
0.769 1.14745
0.77 1.16396
0.771 1.15642
0.772 1.15609
0.773 1.15864
0.774 1.1499
0.775 1.15225
0.776 1.15901
0.777 1.15529
0.778 1.15735
0.779 1.1587
0.78 1.17545
0.781 1.17049
0.782 1.15396
0.783 1.15055
0.784 1.15045
0.785 1.15921
0.786 1.16186
0.787 1.15367
0.788 1.14531
0.789 1.14472
0.79 1.15307
0.791 1.15331
0.792 1.15818
0.793 1.16538
0.794 1.15974
0.795 1.18018
0.796 1.16239
0.797 1.1607
0.798 1.1599
0.799 1.16256
0.8 1.16411
0.801 1.161
0.802 1.15933
0.803 1.1566
0.804 1.15492
0.805 1.15503
0.806 1.15758
0.807 1.15828
0.808 1.15978
0.809 1.15753
0.81 1.1587
0.811 1.15537
0.812 1.15479
0.813 1.16385
0.814 1.1738
0.815 1.17257
0.816 1.16672
0.817 1.17411
0.818 1.17629
0.819 1.18213
0.82 1.18653
0.821 1.17629
0.822 1.17406
0.823 1.173
0.824 1.18978
0.825 1.17131
0.826 1.17317
0.827 1.1758
0.828 1.18249
0.829 1.17949
0.83 1.17498
0.831 1.183
0.832 1.18775
0.833 1.18277
0.834 1.19001
0.835 1.18409
0.836 1.18695
0.837 1.18761
0.838 1.18349
0.839 1.19323
0.84 1.19799
0.841 1.19887
0.842 1.19852
0.843 1.19709
0.844 1.20385
0.845 1.20396
0.846 1.20569
0.847 1.20791
0.848 1.19964
0.849 1.22676
0.85 1.19485
0.851 1.19568
0.852 1.1993
0.853 1.20102
0.854 1.2127
0.855 1.21242
0.856 1.20561
0.857 1.19968
0.858 1.20159
0.859 1.19821
0.86 1.19872
0.861 1.19283
0.862 1.19238
0.863 1.19191
0.864 1.19573
0.865 1.19751
0.866 1.20629
0.867 1.2188
0.868 1.20476
0.869 1.20091
0.87 1.20467
0.871 1.2062
0.872 1.20442
0.873 1.20536
0.874 1.21077
0.875 1.21092
0.876 1.20887
0.877 1.21201
0.878 1.21462
0.879 1.22272
0.88 1.22094
0.881 1.22176
0.882 1.22522
0.883 1.25111
0.884 1.22103
0.885 1.22621
0.886 1.2614
0.887 1.23352
0.888 1.23654
0.889 1.23897
0.89 1.23338
0.891 1.23172
0.892 1.24139
0.893 1.24966
0.894 1.23782
0.895 1.23911
0.896 1.24223
0.897 1.25283
0.898 1.23437
0.899 1.23727
0.9 1.23201
0.901 1.23759
0.902 1.23415
0.903 1.25471
0.904 1.24273
0.905 1.24432
0.906 1.25029
0.907 1.25068
0.908 1.24806
0.909 1.24452
0.91 1.2425
0.911 1.24434
0.912 1.24362
0.913 1.25177
0.914 1.26146
0.915 1.25725
0.916 1.25749
0.917 1.26058
0.918 1.24935
0.919 1.2516
0.92 1.25685
0.921 1.2544
0.922 1.24949
0.923 1.25852
0.924 1.25813
0.925 1.25669
0.926 1.25202
0.927 1.25188
0.928 1.29363
0.929 1.25842
0.93 1.26056
0.931 1.26761
0.932 1.25927
0.933 1.26817
0.934 1.26818
0.935 1.2679
0.936 1.2672
0.937 1.26395
0.938 1.26244
0.939 1.266
0.94 1.26509
0.941 1.26544
0.942 1.26426
0.943 1.26607
0.944 1.26051
0.945 1.26575
0.946 1.2681
0.947 1.26901
0.948 1.2737
0.949 1.27373
0.95 1.27192
0.951 1.26593
0.952 1.27628
0.953 1.28046
0.954 1.27376
0.955 1.28745
0.956 1.29308
0.957 1.28916
0.958 1.28584
0.959 1.28209
0.96 1.28488
0.961 1.28427
0.962 1.30581
0.963 1.3043
0.964 1.28296
0.965 1.29161
0.966 1.28975
0.967 1.29208
0.968 1.29187
0.969 1.2878
0.97 1.28866
0.971 1.28907
0.972 1.28565
0.973 1.29111
0.974 1.28761
0.975 1.28978
0.976 1.29107
0.977 1.28958
0.978 1.28825
0.979 1.29203
0.98 1.29544
0.981 1.29706
0.982 1.29938
0.983 1.30526
0.984 1.30162
0.985 1.30059
0.986 1.30808
0.987 1.34483
0.988 1.31034
0.989 1.31342
0.99 1.3159
0.991 1.30298
0.992 1.3017
0.993 1.30793
0.994 1.31716
0.995 1.31463
0.996 1.32227
0.997 1.32262
0.998 1.31576
0.999 1.31123
1 1.31281
